v=[
-72
-37
-72
-36
-72
-36
-72
-36
-71
-36
-36
-36
-36
-71
-36
-71
-36
-71
-36
-70
-36
-71
-36
-71
-36
-71
-36
-71
-36
-72
-36
-71
-36
-71
-37
-71
-36
-71
-36
-71
-36
-70
-36
-71
-36
-71
-36
-72
-36
-71
-37
-71
-36
-71
-36
-72
-36
-72
-36
-72
-36
-72
-36
-72
-36
-72
-36
-72
-36
-71
-36
-70
-37
-70
-37
-70
-36
-36
-71
-36
-70
-36
-36
-70
-36
-71
-36
-70
-36
-71
-36
-70
-36
-71
-36
-71
-37
-70
-37
-71
-36
-36
-71
-36
-71
-37
-36
-70
-36
-71
-36
-70
-36
-71
-36
-72
-37
-72
-36
-70
-36
-70
-36
-71
-36
-71
-36
-71
-36
-71
-36
-36
-72
-36
-71
-36
-71
-36
-71
-36
-71
-36
-71
-36
-71
-37
-70
-36
-71
-36
]