v=[
-68;
-45;
-65;
-45;
-65;
-45;
-67;
-45;
-66;
-45;
-66;
-45;
-66;
-45;
-66;
-45;
-66;
-45;
-66;
-45;
-62;
-45;
-67;
-45;
-67;
-45;
-66;
-45;
-66;
-45;
-65;
-45;
-66;
-45;
-66;
-45;
-65;
-45;
-66;
-45;
-66;
-45;
-66;
-45;
-66;
-45;
-66;
-45;
-66;
-45;
-66;
-45;
-66;
-46;
-66;
-46;
-66;
-45;
-65;
-45;
-66;
-45;
-66;
-45;
-66;
-45;
-66;
-45;
-65;
-45;
-66;
-45;
-66;
-45;
-66;
-45;
-66;
-45;
-66;
-45;
-66;
-46;
-66;
-46;
-66;
-46;
-66;
-45;
-66;
-45;
-66;
-45;
-66;
-45;
-66;
-45;
-71;
-45;
-71;
-73;
-44;
-73;
-44;
-74;
-44;
-70;
-44;
-69;
-44;
-69;
-47;
-65;
-47;
-65;
-46;
-65;
-46;
-65;
-45;
-65;
-46;
-64;
-45;
-64;
-45;
-68;
-46;
-63;
-41;
-63;
-44;
-63;
-51;
-61;
-47;
-65;
-47;
-65;
-46;
-66;
-45;
-70;
-47;
-70;
-47;
-67;
-47;
-59;
-47;
-61;
]