v=[
-51
-42
-51
-42
-50
-41
-41
-54
-41
-54
-41
-54
-42
-50
-42
-50
-42
-53
-41
-51
-42
-51
-42
-51
-41
-51
-41
-53
-42
-51
-42
-50
-42
-51
-51
-42
-50
-42
-56
-42
-51
-41
-51
-42
-51
-41
-51
-42
-50
-42
-51
-42
-51
-41
-51
-42
-51
-42
-51
-42
-51
-42
-51
-42
-50
-41
-50
-42
-50
-42
-51
-42
-50
-43
-50
-43
-50
-42
-50
-42
-50
-42
-50
-42
-51
-41
-54
-42
-50
-41
-50
-41
-50
-41
-49
-41
-57
-42
-50
-42
-50
-43
-49
-42
-49
-44
-50
-44
-57
-41
-66
-41
-50
-42
-50
-42
-50
-42
-50
-42
-50
-42
-50
-42
-50
-42
-49
-42
-49
-42
-49
-42
-49
-42
-42
-49
-42
-42
-49
-42
-49
-42
-49
-42
-49
-42
-49
-42
-49
-42
]