v=[
-54
-56
-54
-56
-54
-56
-55
-56
-53
-56
-54
-55
-53
-55
-52
-56
-52
-56
-54
-56
-55
-56
-53
-56
-54
-56
-54
-57
-54
-56
-52
-56
-52
-56
-53
-56
-53
-56
-53
-56
-53
-57
-54
-57
-54
-56
-53
-56
-55
-57
-55
-56
-53
-56
-51
-56
-52
-56
-53
-56
-53
-56
-53
-56
-53
-56
-53
-56
-53
-56
-54
-56
-53
-57
-53
-56
-54
-56
-53
-57
-54
-56
-54
-56
-53
-56
-53
-56
-52
-56
-52
-56
-53
-56
-54
-56
-54
-56
-54
-56
-53
-56
-54
-56
-53
-56
-55
-56
-54
-56
-54
-56
-52
-57
-55
-56
-53
-56
-54
-56
-54
-56
-54
-56
-53
-56
-54
-56
-54
-56
-54
-56
-54
-56
-55
-56
-54
-56
-55
-56
-54
-56
-55
-57
-55
-56
-54
-56
-54
-56
]