v=[
-51
-54
-51
-54
-52
-54
-52
-54
-52
-54
-52
-54
-52
-53
-52
-54
-52
-54
-52
-54
-52
-54
-52
-55
-52
-54
-51
-54
-52
-53
-52
-53
-51
-53
-51
-53
-52
-54
-52
-53
-52
-53
-52
-61
-52
-61
-52
-53
-53
-51
-55
-51
-51
-54
-52
-54
-52
-54
-52
-54
-52
-53
-52
-54
-53
-53
-52
-53
-52
-54
-52
-53
-52
-54
-52
-54
-52
-54
-53
-54
-52
-53
-52
-53
-52
-54
-52
-54
-52
-54
-52
-54
-52
-54
-52
-54
-52
-55
-52
-53
-52
-53
-51
-54
-52
-54
-53
-54
-52
-54
-52
-54
-52
-54
-52
-54
-52
-53
-52
-54
-52
-53
-52
-54
-52
-54
-52
-53
-52
-54
-52
-54
-52
-53
-52
-54
-53
-54
-52
-54
-52
-54
-52
-53
-52
-54
-52
-54
-52
-53
]
