v=[
-54
-54
-54
-55
-54
-55
-53
-55
-54
-55
-54
-55
-54
-55
-53
-55
-53
-55
-53
-55
-54
-53
-53
-53
-54
-55
-54
-55
-54
-55
-55
-56
-54
-55
-54
-55
-54
-55
-54
-55
-54
-55
-54
-55
-54
-55
-54
-55
-54
-55
-54
-55
-53
-55
-54
-55
-53
-55
-54
-55
-54
-55
-54
-55
-54
-55
-55
-55
-54
-55
-54
-55
-54
-55
-54
-55
-54
-55
-54
-55
-54
-55
-54
-55
-54
-55
-54
-55
-54
-55
-54
-55
-53
-55
-54
-54
-54
-55
-54
-55
-54
-55
-54
-55
-54
-55
-54
-55
-54
-54
-53
-55
-54
-54
-54
-56
-54
-56
-55
-55
-55
-54
-55
-54
-54
-54
-55
-54
-55
-55
-55
-55
-55
-54
-55
-53
-55
-55
-55
-54
-55
-54
-55
-54
-55
-54
-55
-54
-55
-54
]
