v=[
-45
-51
-45
-52
-45
-52
-46
-52
-46
-52
-45
-52
-45
-52
-45
-51
-46
-52
-46
-52
-46
-52
-45
-52
-45
-52
-45
-51
-45
-52
-45
-51
-45
-51
-46
-52
-46
-52
-46
-52
-46
-52
-46
-52
-46
-52
-45
-52
-46
-52
-45
-51
-45
-51
-45
-51
-51
-46
-52
-45
-52
-46
-52
-45
-52
-45
-52
-45
-52
-46
-52
-45
-51
-46
-52
-46
-52
-46
-51
-45
-51
-45
-52
-45
-52
-45
-51
-45
-52
-46
-51
-45
-51
-45
-51
-46
-52
-45
-51
-45
-52
-46
-52
-45
-52
-46
-52
-46
-51
-46
-52
-46
-51
-45
-51
-45
-52
-46
-52
-45
-51
-45
-52
-45
-52
-46
-52
-46
-52
-46
-52
-45
-51
-46
-52
-46
-51
-45
-51
-45
-51
-45
-51
-45
-51
-46
-51
-46
-52
-45
]