v=[
-36
-62
-37
-62
-37
-62
-37
-62
-36
-62
-61
-36
-61
-61
-36
-61
-62
-36
-61
-37
-62
-37
-61
-36
-61
-37
-62
-37
-61
-36
-61
-37
-61
-37
-61
-37
-61
-61
-37
-62
-62
-37
-61
-37
-61
-61
-37
-62
-37
-61
-37
-61
-37
-62
-37
-61
-37
-61
-37
-62
-36
-61
-37
-62
-37
-62
-37
-62
-37
-63
-37
-62
-37
-61
-37
-61
-37
-62
-37
-62
-37
-61
-37
-62
-36
-61
-36
-62
-36
-61
-37
-61
-37
-62
-37
-62
-36
-61
-37
-60
-37
-63
-36
-63
-37
-65
-36
-60
-37
-60
-38
-61
-38
-60
-36
-60
-37
-60
-37
-62
-36
-61
-36
-61
-37
-61
-36
-61
-37
-61
-37
-61
-36
-61
-36
-61
-37
-61
-37
-60
-37
-61
-37
-61
-37
-61
-37
-61
-36
-61
-37
]
